15.2
28.7
220.5
18.7
41.9
199.5
19.8
49.6
188.5
6.4
21.8
70.5
7.1
22.0
65.0
4.0
66.1
87.1
7.7
40.8
4.4
83.8
15.2
143.3
13.2
66.1
26.5
65.0
15.4
44.1
132.3
19.8
43.0
136.7
16.5
88.2
21.8
43.9
12.1
26.5
16.5
121.3
11.9
19.0
41.0
11.9
65.0
66.1
27.6
1.8
73.4
9.3
70.5
43.2
168.9
61.7
70.5
41.9
341.7
27.3
44.1
119.0
43.0
124.6
105.8
43.0
155.4
286.6
8.8
14.1
34.2
100.3
121.3
44.1
231.5
661.4
66.1
209.4
79.4
173.1
13.2
132.3
33.1
86.4
187.8
198.4
264.6
66.1
66.1
8.8
292.1
0.2
0.2
89.3
463.0
71.4
166.7
14.3
132.3
22.9
146.8
5.5
264.6
14.3
99.2
109.8
110.7
144.4
2.2
20.9
253.5
264.6
76.3
77.2
176.4
17.6
55.1
33.1
86.0
76.1
176.4
120.1
123.5
89.5
66.1
98.1
121.3
194.9
22.0
518.1
485.0
8.8
14.3
63.9
54.0
55.1
80.5
16.5
77.2
25.4
89.3
130.1
1014.1
122.1
116.0
132.3
7.3
36.4
463.0
269.0
8.8
